Set mainBoxes {
add  862, 255 , 160, 85,    862, 767, 160, 85
add  781, 425, 210, 85    781, 937, 210, 85
add  510, 255, 260, 85,	   510, 767, 260, 85
add  700, 0, 310, 85,	   700, 512, 310, 85
add  630, 340, 360, 85,	   630, 852, 360, 85
add  614, 85, 410, 85,	   614, 597, 410, 85
add  1, 255, 460, 85,	   1, 767, 460, 85
add  510, 170, 510, 85,	   510, 682, 510, 85
add  1, 85, 560, 85,	   1, 597, 560, 85
add  1, 340, 610, 85,	   1, 852, 610, 85
add  1, 0, 660, 85,	   1, 512, 660, 85
add  1, 425, 710, 85,	   1, 937, 710, 85
sizeXMod	40.0
}
Set mainBoxesWider {
add  862, 255 , 160, 85,    862, 767, 160, 85
add  781, 425, 210, 85    781, 937, 210, 85
add  510, 255, 260, 85,	   510, 767, 260, 85
add  700, 0, 310, 85,	   700, 512, 310, 85
add  630, 340, 360, 85,	   630, 852, 360, 85
add  614, 85, 410, 85,	   614, 597, 410, 85
add  1, 255, 460, 85,	   1, 767, 460, 85
add  510, 170, 510, 85,	   510, 682, 510, 85
add  1, 85, 560, 85,	   1, 597, 560, 85
add  1, 340, 610, 85,	   1, 852, 610, 85
add  1, 0, 660, 85,	   1, 512, 660, 85
add  1, 425, 710, 85,	   1, 937, 710, 85
sizeXMod	90.0
}
